301204
301209
301243
301247
301333
301826
301928
302520
302521
302522
302523
302524
302525
302526
302527
302528
302529
302530
302531
302532
302533
302534
302733
304014
306149
311490
312613
341456
341458
341460
343981
344158
345056
345058
345060
345061
345066
345097
345098
345103
345104
345105
345106
345112
345114
345120
345121
345122
345123
345124
345125
345211
345212
345213
345214
345215
345216
345217
345218
345219
345316
345317
345318
345319
345320
345321
345322
345324
345325
345433
345445
345596
345697
345698
345699
345833
345834
345876
345877
345878
345944
345948
345949
345961
345963
345964
345965
346188
346189
346190
346191
346192
346193
346194
346195
346198
346214
346228
346310
346311
346312
346317
346340
346341
346342
346343
346344
346345
346398
346400
346414
346446
346447
346448
346449
346450
346451
346452
346453
346454
346486
346511
346524
346525
346526
346588
346601
346602
346605
346606
346607
346632
346633
346634
346645
346646
346647
346726
346728
346797
346802
346877
346878
346879
346880
346881
346882
346919
346923
346927
364242
364243
364244
364245
364246
364247
364248
364249
364336
364337
364338
364339
364350
364351
364352
364353
364354
364541
364542
364543
364544
364545
364546
364547
364700
364701
364702
364703
364704
364705
364706
364707
364708
364709
364710
364711
364712
375884
376359
376518
392202
394997
398384
410081
410082
410087
410155
410156
410157
410218
410219
410220
410389
410395
410396
410408
410470
410471
410560
410644
410645
410658
410659
411233
411234
411316
412043
412044
423099
423100
423101
423102
423103
423104
423105
423106
423107
423108
423109
423110
423111
423112
448624
449595
450576
500335
500553
500554
500555
501058
506098
506099
506101
506102
506103
506104
506811
506813
506814
507366
510097
523692
600017
600018
600019
600020
600565
600566
600567
600568
600569
600570
600571
600572
600573
600574
600575
600686
601352
601355
601487
601489
601491
601495
601497
601624
601627
601628
601631
601761
601762
601763
601764
700000
700007
700195
700196
700197
700198
700199
700200
700201
700320
700321
700322
700323
700324
700325
700335
700336
700337
700338
700339
700340
700341
700342
700343
700344
700345
700346
700347
700348
700349
700352
700353
700358
700359
700360
700361
700362
700363
700364
700398
700399
700400
700401
700402
700403
700404
700442
700467
700468
700469
700470
700471
700472
700488
700489
700490
700491
700492
700493
700494
700495
700496
700507
700587
700588
700589
700590
700591
700592
700593
700594
700600
700601
700602
700603
700604
700605
700709
700710
700792
700793
700794
700843
700849
700855
700901
700902
700903
801976
801978